1997-08-26T00:00:00.000Z -15.76 2.00 6.24
1997-08-26T00:12:00.000Z -15.91 2.80 6.32
1997-08-26T00:24:00.000Z -16.02 3.63 6.40
1997-08-26T00:36:00.000Z -16.08 4.47 6.48
1997-08-26T00:48:00.000Z -16.09 5.33 6.55
1997-08-26T01:00:00.000Z -16.06 6.20 6.63
1997-08-26T01:12:00.000Z -15.98 7.08 6.70
1997-08-26T01:24:00.000Z -15.84 7.97 6.78
1997-08-26T01:36:00.000Z -15.66 8.86 6.85
1997-08-26T01:48:00.000Z -15.42 9.76 6.92
1997-08-26T02:00:00.000Z -15.13 10.65 7.00
1997-08-26T02:12:00.000Z -14.78 11.54 7.07
1997-08-26T02:24:00.000Z -14.39 12.42 7.14
1997-08-26T02:36:00.000Z -13.93 13.28 7.21
1997-08-26T02:48:00.000Z -13.43 14.14 7.28
1997-08-26T03:00:00.000Z -12.87 14.97 7.34
1997-08-26T03:12:00.000Z -12.26 15.78 7.41
1997-08-26T03:24:00.000Z -11.60 16.57 7.48
1997-08-26T03:36:00.000Z -10.89 17.33 7.55
1997-08-26T03:48:00.000Z -10.13 18.06 7.61
1997-08-26T04:00:00.000Z -9.32 18.76 7.68
1997-08-26T04:12:00.000Z -8.47 19.42 7.74
1997-08-26T04:24:00.000Z -7.57 20.04 7.81
1997-08-26T04:36:00.000Z -6.63 20.61 7.87
1997-08-26T04:48:00.000Z -5.65 21.14 7.93
1997-08-26T05:00:00.000Z -4.63 21.63 8.00
1997-08-26T05:12:00.000Z -3.57 22.06 8.06
1997-08-26T05:24:00.000Z -2.48 22.44 8.12
1997-08-26T05:36:00.000Z -1.36 22.76 8.18
1997-08-26T05:48:00.000Z -0.22 23.03 8.24
1997-08-26T06:00:00.000Z 0.95 23.24 8.30
1997-08-26T06:12:00.000Z 2.14 23.38 8.36
1997-08-26T06:24:00.000Z 3.35 23.46 8.42
1997-08-26T06:36:00.000Z 4.57 23.48 8.48
1997-08-26T06:48:00.000Z 5.81 23.44 8.54
1997-08-26T07:00:00.000Z 7.05 23.32 8.60
1997-08-26T07:12:00.000Z 8.30 23.14 8.66
1997-08-26T07:24:00.000Z 9.54 22.89 8.71
1997-08-26T07:36:00.000Z 10.78 22.58 8.77
1997-08-26T07:48:00.000Z 12.02 22.19 8.83
1997-08-26T08:00:00.000Z 13.24 21.74 8.88
1997-08-26T08:12:00.000Z 14.44 21.21 8.94
1997-08-26T08:24:00.000Z 15.63 20.62 9.00
1997-08-26T08:36:00.000Z 16.80 19.96 9.05
1997-08-26T08:48:00.000Z 17.93 19.24 9.11
1997-08-26T09:00:00.000Z 19.04 18.45 9.16
1997-08-26T09:12:00.000Z 20.11 17.59 9.22
1997-08-26T09:24:00.000Z 21.15 16.67 9.27
1997-08-26T09:36:00.000Z 22.14 15.69 9.32
1997-08-26T09:48:00.000Z 23.08 14.66 9.38
1997-08-26T10:00:00.000Z 23.98 13.56 9.43
1997-08-26T10:12:00.000Z 24.82 12.41 9.48
1997-08-26T10:24:00.000Z 25.61 11.21 9.54
1997-08-26T10:36:00.000Z 26.34 9.96 9.59
1997-08-26T10:48:00.000Z 27.01 8.66 9.64
1997-08-26T11:00:00.000Z 27.61 7.32 9.69
1997-08-26T11:12:00.000Z 28.15 5.95 9.74
1997-08-26T11:24:00.000Z 28.61 4.53 9.79
1997-08-26T11:36:00.000Z 29.00 3.08 9.84
1997-08-26T11:48:00.000Z 29.32 1.60 9.90
1997-08-26T12:00:00.000Z 29.56 0.10 9.95
1997-08-26T12:12:00.000Z 29.73 -1.42 10.00
1997-08-26T12:24:00.000Z 29.81 -2.96 10.05
1997-08-26T12:36:00.000Z 29.81 -4.52 10.09
1997-08-26T12:48:00.000Z 29.73 -6.08 10.14
1997-08-26T13:00:00.000Z 29.57 -7.64 10.19
1997-08-26T13:12:00.000Z 29.33 -9.21 10.24
1997-08-26T13:24:00.000Z 29.00 -10.77 10.29
1997-08-26T13:36:00.000Z 28.58 -12.32 10.34
1997-08-26T13:48:00.000Z 28.09 -13.85 10.39
1997-08-26T14:00:00.000Z 27.50 -15.37 10.43
1997-08-26T14:12:00.000Z 26.84 -16.86 10.48
1997-08-26T14:24:00.000Z 26.09 -18.33 10.53
1997-08-26T14:36:00.000Z 25.26 -19.76 10.58
1997-08-26T14:48:00.000Z 24.36 -21.16 10.62
1997-08-26T15:00:00.000Z 23.37 -22.51 10.67
1997-08-26T15:12:00.000Z 22.31 -23.82 10.72
1997-08-26T15:24:00.000Z 21.18 -25.08 10.76
1997-08-26T15:36:00.000Z 19.97 -26.29 10.81
1997-08-26T15:48:00.000Z 18.70 -27.43 10.86
1997-08-26T16:00:00.000Z 17.36 -28.52 10.90
1997-08-26T16:12:00.000Z 15.95 -29.54 10.95
1997-08-26T16:24:00.000Z 14.49 -30.48 10.99
1997-08-26T16:36:00.000Z 12.97 -31.36 11.04
1997-08-26T16:48:00.000Z 11.40 -32.16 11.08
1997-08-26T17:00:00.000Z 9.78 -32.88 11.13
1997-08-26T17:12:00.000Z 8.12 -33.51 11.17
1997-08-26T17:24:00.000Z 6.41 -34.07 11.21
1997-08-26T17:36:00.000Z 4.67 -34.53 11.26
1997-08-26T17:48:00.000Z 2.90 -34.91 11.30
1997-08-26T18:00:00.000Z 1.10 -35.19 11.35
1997-08-26T18:12:00.000Z -0.72 -35.38 11.39
1997-08-26T18:24:00.000Z -2.56 -35.47 11.43
1997-08-26T18:36:00.000Z -4.41 -35.47 11.48
1997-08-26T18:48:00.000Z -6.26 -35.37 11.52
1997-08-26T19:00:00.000Z -8.12 -35.17 11.56
1997-08-26T19:12:00.000Z -9.97 -34.87 11.61
1997-08-26T19:24:00.000Z -11.82 -34.48 11.65
1997-08-26T19:36:00.000Z -13.65 -33.98 11.69
1997-08-26T19:48:00.000Z -15.46 -33.39 11.73
1997-08-26T20:00:00.000Z -17.24 -32.71 11.77
1997-08-26T20:12:00.000Z -19.00 -31.92 11.82
1997-08-26T20:24:00.000Z -20.72 -31.04 11.86
1997-08-26T20:36:00.000Z -22.40 -30.07 11.90
1997-08-26T20:48:00.000Z -24.03 -29.00 11.94
1997-08-26T21:00:00.000Z -25.62 -27.85 11.98
1997-08-26T21:12:00.000Z -27.14 -26.61 12.02
1997-08-26T21:24:00.000Z -28.61 -25.28 12.06
1997-08-26T21:36:00.000Z -30.01 -23.87 12.11
1997-08-26T21:48:00.000Z -31.35 -22.39 12.15
1997-08-26T22:00:00.000Z -32.61 -20.83 12.19
1997-08-26T22:12:00.000Z -33.79 -19.19 12.23
1997-08-26T22:24:00.000Z -34.89 -17.50 12.27
1997-08-26T22:36:00.000Z -35.90 -15.74 12.31
1997-08-26T22:48:00.000Z -36.82 -13.92 12.35
1997-08-26T23:00:00.000Z -37.66 -12.04 12.39
1997-08-26T23:12:00.000Z -38.39 -10.12 12.43
1997-08-26T23:24:00.000Z -39.03 -8.15 12.47
1997-08-26T23:36:00.000Z -39.56 -6.15 12.51
1997-08-26T23:48:00.000Z -39.99 -4.11 12.54
1997-08-27T00:00:00.000Z -40.31 -2.04 12.58
1997-08-27T00:12:00.000Z -40.51 0.05 12.62
1997-08-27T00:24:00.000Z -40.62 2.16 12.65
1997-08-27T00:36:00.000Z -40.61 4.28 12.69
1997-08-27T00:48:00.000Z -40.50 6.40 12.73
1997-08-27T01:00:00.000Z -40.27 8.53 12.77
1997-08-27T01:12:00.000Z -39.93 10.65 12.81
1997-08-27T01:24:00.000Z -39.48 12.75 12.85
1997-08-27T01:36:00.000Z -38.92 14.84 12.88
1997-08-27T01:48:00.000Z -38.25 16.90 12.92
1997-08-27T02:00:00.000Z -37.46 18.93 12.96
1997-08-27T02:12:00.000Z -36.57 20.93 13.00
1997-08-27T02:24:00.000Z -35.57 22.89 13.03
1997-08-27T02:36:00.000Z -34.47 24.79 13.07
1997-08-27T02:48:00.000Z -33.26 26.65 13.11
1997-08-27T03:00:00.000Z -31.95 28.44 13.15
1997-08-27T03:12:00.000Z -30.55 30.17 13.18
1997-08-27T03:24:00.000Z -29.05 31.83 13.22
1997-08-27T03:36:00.000Z -27.46 33.42 13.26
1997-08-27T03:48:00.000Z -25.78 34.93 13.29
1997-08-27T04:00:00.000Z -24.02 36.35 13.33
1997-08-27T04:12:00.000Z -22.18 37.68 13.37
1997-08-27T04:24:00.000Z -20.27 38.92 13.40
1997-08-27T04:36:00.000Z -18.29 40.06 13.44
1997-08-27T04:48:00.000Z -16.24 41.10 13.47
1997-08-27T05:00:00.000Z -14.13 42.04 13.51
1997-08-27T05:12:00.000Z -11.97 42.87 13.55
1997-08-27T05:24:00.000Z -9.76 43.58 13.58
1997-08-27T05:36:00.000Z -7.51 44.18 13.62
1997-08-27T05:48:00.000Z -5.23 44.67 13.65
1997-08-27T06:00:00.000Z -2.91 45.03 13.69
1997-08-27T06:12:00.000Z -0.57 45.28 13.72
1997-08-27T06:24:00.000Z 1.79 45.40 13.76
1997-08-27T06:36:00.000Z 4.15 45.40 13.79
1997-08-27T06:48:00.000Z 6.53 45.27 13.83
1997-08-27T07:00:00.000Z 8.90 45.02 13.86
1997-08-27T07:12:00.000Z 11.27 44.64 13.90
1997-08-27T07:24:00.000Z 13.62 44.14 13.93
1997-08-27T07:36:00.000Z 15.94 43.52 13.97
1997-08-27T07:48:00.000Z 18.24 42.77 14.00
1997-08-27T08:00:00.000Z 20.51 41.90 14.04
1997-08-27T08:12:00.000Z 22.73 40.91 14.07
1997-08-27T08:24:00.000Z 24.91 39.80 14.10
1997-08-27T08:36:00.000Z 27.03 38.57 14.14
1997-08-27T08:48:00.000Z 29.09 37.24 14.17
1997-08-27T09:00:00.000Z 31.08 35.79 14.21
1997-08-27T09:12:00.000Z 33.00 34.23 14.24
1997-08-27T09:24:00.000Z 34.85 32.57 14.27
1997-08-27T09:36:00.000Z 36.61 30.81 14.31
1997-08-27T09:48:00.000Z 38.28 28.95 14.34
1997-08-27T10:00:00.000Z 39.85 27.01 14.37
1997-08-27T10:12:00.000Z 41.33 24.97 14.41
1997-08-27T10:24:00.000Z 42.70 22.86 14.44
1997-08-27T10:36:00.000Z 43.97 20.67 14.47
1997-08-27T10:48:00.000Z 45.12 18.41 14.51
1997-08-27T11:00:00.000Z 46.15 16.09 14.54
1997-08-27T11:12:00.000Z 47.07 13.71 14.57
1997-08-27T11:24:00.000Z 47.86 11.27 14.61
1997-08-27T11:36:00.000Z 48.53 8.80 14.64
1997-08-27T11:48:00.000Z 49.06 6.28 14.67
1997-08-27T12:00:00.000Z 49.47 3.73 14.70
1997-08-27T12:12:00.000Z 49.74 1.15 14.74
1997-08-27T12:24:00.000Z 49.88 -1.44 14.77
1997-08-27T12:36:00.000Z 49.88 -4.04 14.80
1997-08-27T12:48:00.000Z 49.74 -6.66 14.83
1997-08-27T13:00:00.000Z 49.47 -9.26 14.87
1997-08-27T13:12:00.000Z 49.06 -11.86 14.90
1997-08-27T13:24:00.000Z 48.51 -14.43 14.93
1997-08-27T13:36:00.000Z 47.83 -16.99 14.96
1997-08-27T13:48:00.000Z 47.01 -19.51 14.99
1997-08-27T14:00:00.000Z 46.06 -21.99 15.03
1997-08-27T14:12:00.000Z 44.98 -24.42 15.06
1997-08-27T14:24:00.000Z 43.77 -26.81 15.09
1997-08-27T14:36:00.000Z 42.43 -29.13 15.12
1997-08-27T14:48:00.000Z 40.97 -31.39 15.15
1997-08-27T15:00:00.000Z 39.39 -33.57 15.18
1997-08-27T15:12:00.000Z 37.69 -35.67 15.21
1997-08-27T15:24:00.000Z 35.88 -37.69 15.25
1997-08-27T15:36:00.000Z 33.96 -39.61 15.28
1997-08-27T15:48:00.000Z 31.93 -41.44 15.31
1997-08-27T16:00:00.000Z 29.81 -43.16 15.34
1997-08-27T16:12:00.000Z 27.60 -44.77 15.37
1997-08-27T16:24:00.000Z 25.30 -46.27 15.40
1997-08-27T16:36:00.000Z 22.91 -47.65 15.43
1997-08-27T16:48:00.000Z 20.46 -48.91 15.46
1997-08-27T17:00:00.000Z 17.93 -50.03 15.49
1997-08-27T17:12:00.000Z 15.34 -51.03 15.52
1997-08-27T17:24:00.000Z 12.69 -51.90 15.55
1997-08-27T17:36:00.000Z 9.99 -52.62 15.58
1997-08-27T17:48:00.000Z 7.26 -53.21 15.61
1997-08-27T18:00:00.000Z 4.49 -53.65 15.64
1997-08-27T18:12:00.000Z 1.69 -53.95 15.67
1997-08-27T18:24:00.000Z -1.12 -54.10 15.70
1997-08-27T18:36:00.000Z -3.95 -54.11 15.73
1997-08-27T18:48:00.000Z -6.78 -53.96 15.76
1997-08-27T19:00:00.000Z -9.61 -53.67 15.79
1997-08-27T19:12:00.000Z -12.42 -53.23 15.82
1997-08-27T19:24:00.000Z -15.22 -52.64 15.85
1997-08-27T19:36:00.000Z -17.98 -51.90 15.88
1997-08-27T19:48:00.000Z -20.71 -51.02 15.91
1997-08-27T20:00:00.000Z -23.40 -50.00 15.94
1997-08-27T20:12:00.000Z -26.04 -48.83 15.97
1997-08-27T20:24:00.000Z -28.62 -47.52 16.00
1997-08-27T20:36:00.000Z -31.13 -46.07 16.03
1997-08-27T20:48:00.000Z -33.57 -44.50 16.06
1997-08-27T21:00:00.000Z -35.93 -42.79 16.09
1997-08-27T21:12:00.000Z -38.20 -40.96 16.12
1997-08-27T21:24:00.000Z -40.38 -39.00 16.15
1997-08-27T21:36:00.000Z -42.46 -36.93 16.18
1997-08-27T21:48:00.000Z -44.44 -34.75 16.21
1997-08-27T22:00:00.000Z -46.30 -32.46 16.23
1997-08-27T22:12:00.000Z -48.04 -30.07 16.26
1997-08-27T22:24:00.000Z -49.65 -27.59 16.29
1997-08-27T22:36:00.000Z -51.14 -25.03 16.32
1997-08-27T22:48:00.000Z -52.50 -22.38 16.35
1997-08-27T23:00:00.000Z -53.72 -19.66 16.38
1997-08-27T23:12:00.000Z -54.80 -16.87 16.41
1997-08-27T23:24:00.000Z -55.73 -14.02 16.43
1997-08-27T23:36:00.000Z -56.51 -11.12 16.46
1997-08-27T23:48:00.000Z -57.15 -8.17 16.49
1997-08-28T00:00:00.000Z -57.63 -5.19 16.52
1997-08-28T00:12:00.000Z -57.95 -2.19 16.55
1997-08-28T00:24:00.000Z -58.11 0.84 16.58
1997-08-28T00:36:00.000Z -58.12 3.88 16.60
1997-08-28T00:48:00.000Z -57.97 6.92 16.63
1997-08-28T01:00:00.000Z -57.66 9.96 16.66
1997-08-28T01:12:00.000Z -57.19 12.98 16.69
1997-08-28T01:24:00.000Z -56.56 15.98 16.72
1997-08-28T01:36:00.000Z -55.77 18.95 16.74
1997-08-28T01:48:00.000Z -54.82 21.88 16.77
1997-08-28T02:00:00.000Z -53.73 24.76 16.80
1997-08-28T02:12:00.000Z -52.48 27.59 16.83
1997-08-28T02:24:00.000Z -51.07 30.36 16.85
1997-08-28T02:36:00.000Z -49.53 33.05 16.88
1997-08-28T02:48:00.000Z -47.84 35.67 16.91
1997-08-28T03:00:00.000Z -46.01 38.19 16.94
1997-08-28T03:12:00.000Z -44.05 40.63 16.96
1997-08-28T03:24:00.000Z -41.96 42.96 16.99
1997-08-28T03:36:00.000Z -39.75 45.19 17.02
1997-08-28T03:48:00.000Z -37.41 47.30 17.05
1997-08-28T04:00:00.000Z -34.97 49.29 17.07
1997-08-28T04:12:00.000Z -32.42 51.16 17.10
1997-08-28T04:24:00.000Z -29.76 52.89 17.13
1997-08-28T04:36:00.000Z -27.02 54.48 17.15
1997-08-28T04:48:00.000Z -24.19 55.93 17.18
1997-08-28T05:00:00.000Z -21.28 57.24 17.21
1997-08-28T05:12:00.000Z -18.31 58.39 17.23
1997-08-28T05:24:00.000Z -15.26 59.39 17.26
1997-08-28T05:36:00.000Z -12.17 60.23 17.29
1997-08-28T05:48:00.000Z -9.03 60.90 17.31
1997-08-28T06:00:00.000Z -5.85 61.42 17.34
1997-08-28T06:12:00.000Z -2.64 61.76 17.37
1997-08-28T06:24:00.000Z 0.59 61.94 17.39
1997-08-28T06:36:00.000Z 3.82 61.95 17.42
1997-08-28T06:48:00.000Z 7.07 61.79 17.45
1997-08-28T07:00:00.000Z 10.31 61.46 17.47
1997-08-28T07:12:00.000Z 13.53 60.96 17.50
1997-08-28T07:24:00.000Z 16.72 60.29 17.52
1997-08-28T07:36:00.000Z 19.88 59.45 17.55
1997-08-28T07:48:00.000Z 23.00 58.45 17.58
1997-08-28T08:00:00.000Z 26.07 57.28 17.60
1997-08-28T08:12:00.000Z 29.09 55.95 17.63
1997-08-28T08:24:00.000Z 32.03 54.46 17.65
1997-08-28T08:36:00.000Z 34.90 52.82 17.68
1997-08-28T08:48:00.000Z 37.68 51.02 17.71
1997-08-28T09:00:00.000Z 40.37 49.08 17.73
1997-08-28T09:12:00.000Z 42.96 47.00 17.76
1997-08-28T09:24:00.000Z 45.44 44.78 17.78
1997-08-28T09:36:00.000Z 47.81 42.42 17.81
1997-08-28T09:48:00.000Z 50.05 39.94 17.83
1997-08-28T10:00:00.000Z 52.17 37.35 17.86
1997-08-28T10:12:00.000Z 54.15 34.64 17.89
1997-08-28T10:24:00.000Z 55.99 31.82 17.91
1997-08-28T10:36:00.000Z 57.68 28.91 17.94
1997-08-28T10:48:00.000Z 59.22 25.91 17.96
1997-08-28T11:00:00.000Z 60.61 22.82 17.99
1997-08-28T11:12:00.000Z 61.83 19.67 18.01
1997-08-28T11:24:00.000Z 62.89 16.44 18.04
1997-08-28T11:36:00.000Z 63.78 13.16 18.06
1997-08-28T11:48:00.000Z 64.50 9.83 18.09
1997-08-28T12:00:00.000Z 65.05 6.46 18.11
1997-08-28T12:12:00.000Z 65.41 3.06 18.14
1997-08-28T12:24:00.000Z 65.60 -0.36 18.16
1997-08-28T12:36:00.000Z 65.61 -3.79 18.19
1997-08-28T12:48:00.000Z 65.45 -7.23 18.21
1997-08-28T13:00:00.000Z 65.10 -10.66 18.24
1997-08-28T13:12:00.000Z 64.57 -14.07 18.26
1997-08-28T13:24:00.000Z 63.86 -17.45 18.29
1997-08-28T13:36:00.000Z 62.97 -20.80 18.31
1997-08-28T13:48:00.000Z 61.91 -24.10 18.34
1997-08-28T14:00:00.000Z 60.68 -27.35 18.36
1997-08-28T14:12:00.000Z 59.27 -30.54 18.39
1997-08-28T14:24:00.000Z 57.69 -33.65 18.41
1997-08-28T14:36:00.000Z 55.96 -36.69 18.43
1997-08-28T14:48:00.000Z 54.06 -39.63 18.46
1997-08-28T15:00:00.000Z 52.01 -42.47 18.48
1997-08-28T15:12:00.000Z 49.80 -45.21 18.51
1997-08-28T15:24:00.000Z 47.46 -47.83 18.53
1997-08-28T15:36:00.000Z 44.97 -50.33 18.56
1997-08-28T15:48:00.000Z 42.35 -52.71 18.58
1997-08-28T16:00:00.000Z 39.61 -54.94 18.60
1997-08-28T16:12:00.000Z 36.75 -57.03 18.63
1997-08-28T16:24:00.000Z 33.78 -58.97 18.65
1997-08-28T16:36:00.000Z 30.71 -60.76 18.68
1997-08-28T16:48:00.000Z 27.54 -62.39 18.70
1997-08-28T17:00:00.000Z 24.28 -63.85 18.72
1997-08-28T17:12:00.000Z 20.95 -65.14 18.75
1997-08-28T17:24:00.000Z 17.54 -66.26 18.77
1997-08-28T17:36:00.000Z 14.08 -67.20 18.80
1997-08-28T17:48:00.000Z 10.57 -67.96 18.82
1997-08-28T18:00:00.000Z 7.02 -68.53 18.84
1997-08-28T18:12:00.000Z 3.43 -68.92 18.87
1997-08-28T18:24:00.000Z -0.17 -69.12 18.89
1997-08-28T18:36:00.000Z -3.79 -69.13 18.91
1997-08-28T18:48:00.000Z -7.41 -68.95 18.94
1997-08-28T19:00:00.000Z -11.02 -68.58 18.96
1997-08-28T19:12:00.000Z -14.61 -68.03 18.99
1997-08-28T19:24:00.000Z -18.18 -67.28 19.01
1997-08-28T19:36:00.000Z -21.70 -66.35 19.03
1997-08-28T19:48:00.000Z -25.18 -65.23 19.06
1997-08-28T20:00:00.000Z -28.60 -63.93 19.08
1997-08-28T20:12:00.000Z -31.95 -62.45 19.10
1997-08-28T20:24:00.000Z -35.23 -60.79 19.13
1997-08-28T20:36:00.000Z -38.42 -58.96 19.15
1997-08-28T20:48:00.000Z -41.52 -56.96 19.17
1997-08-28T21:00:00.000Z -44.51 -54.81 19.20
1997-08-28T21:12:00.000Z -47.39 -52.49 19.22
1997-08-28T21:24:00.000Z -50.14 -50.02 19.24
1997-08-28T21:36:00.000Z -52.77 -47.41 19.26
1997-08-28T21:48:00.000Z -55.27 -44.65 19.29
1997-08-28T22:00:00.000Z -57.62 -41.77 19.31
1997-08-28T22:12:00.000Z -59.82 -38.76 19.33
1997-08-28T22:24:00.000Z -61.86 -35.64 19.36
1997-08-28T22:36:00.000Z -63.73 -32.41 19.38
1997-08-28T22:48:00.000Z -65.44 -29.08 19.40
1997-08-28T23:00:00.000Z -66.98 -25.66 19.42
1997-08-28T23:12:00.000Z -68.33 -22.16 19.45
1997-08-28T23:24:00.000Z -69.51 -18.59 19.47
1997-08-28T23:36:00.000Z -70.49 -14.95 19.49
1997-08-28T23:48:00.000Z -71.29 -11.26 19.51
1997-08-29T00:00:00.000Z -71.89 -7.53 19.54
1997-08-29T00:12:00.000Z -72.29 -3.77 19.56
1997-08-29T00:24:00.000Z -72.50 0.01 19.58
1997-08-29T00:36:00.000Z -72.51 3.80 19.60
1997-08-29T00:48:00.000Z -72.33 7.61 19.63
1997-08-29T01:00:00.000Z -71.94 11.39 19.65
1997-08-29T01:12:00.000Z -71.35 15.16 19.67
1997-08-29T01:24:00.000Z -70.57 18.90 19.69
1997-08-29T01:36:00.000Z -69.59 22.59 19.72
1997-08-29T01:48:00.000Z -68.42 26.24 19.74
1997-08-29T02:00:00.000Z -67.05 29.82 19.76
1997-08-29T02:12:00.000Z -65.50 33.34 19.78
1997-08-29T02:24:00.000Z -63.76 36.77 19.80
1997-08-29T02:36:00.000Z -61.84 40.11 19.83
1997-08-29T02:48:00.000Z -59.75 43.36 19.85
1997-08-29T03:00:00.000Z -57.49 46.49 19.87
1997-08-29T03:12:00.000Z -55.06 49.50 19.89
1997-08-29T03:24:00.000Z -52.47 52.39 19.91
1997-08-29T03:36:00.000Z -49.74 55.14 19.94
1997-08-29T03:48:00.000Z -46.85 57.75 19.96
1997-08-29T04:00:00.000Z -43.83 60.21 19.98
1997-08-29T04:12:00.000Z -40.68 62.51 20.00
1997-08-29T04:24:00.000Z -37.42 64.65 20.02
1997-08-29T04:36:00.000Z -34.03 66.61 20.05
1997-08-29T04:48:00.000Z -30.55 68.40 20.07
1997-08-29T05:00:00.000Z -26.97 70.00 20.09
1997-08-29T05:12:00.000Z -23.31 71.42 20.11
1997-08-29T05:24:00.000Z -19.57 72.64 20.13
1997-08-29T05:36:00.000Z -15.77 73.67 20.15
1997-08-29T05:48:00.000Z -11.91 74.50 20.18
1997-08-29T06:00:00.000Z -8.01 75.13 20.20
1997-08-29T06:12:00.000Z -4.08 75.55 20.22
1997-08-29T06:24:00.000Z -0.12 75.77 20.24
1997-08-29T06:36:00.000Z 3.84 75.78 20.26
1997-08-29T06:48:00.000Z 7.82 75.58 20.28
1997-08-29T07:00:00.000Z 11.77 75.17 20.30
1997-08-29T07:12:00.000Z 15.71 74.56 20.32
1997-08-29T07:24:00.000Z 19.61 73.74 20.35
1997-08-29T07:36:00.000Z 23.47 72.71 20.37
1997-08-29T07:48:00.000Z 27.28 71.48 20.39
1997-08-29T08:00:00.000Z 31.02 70.06 20.41
1997-08-29T08:12:00.000Z 34.69 68.43 20.43
1997-08-29T08:24:00.000Z 38.28 66.61 20.45
1997-08-29T08:36:00.000Z 41.77 64.61 20.47
1997-08-29T08:48:00.000Z 45.15 62.42 20.49
1997-08-29T09:00:00.000Z 48.42 60.06 20.51
1997-08-29T09:12:00.000Z 51.56 57.52 20.54
1997-08-29T09:24:00.000Z 54.57 54.82 20.56
1997-08-29T09:36:00.000Z 57.44 51.97 20.58
1997-08-29T09:48:00.000Z 60.17 48.95 20.60
1997-08-29T10:00:00.000Z 62.73 45.80 20.62
1997-08-29T10:12:00.000Z 65.13 42.52 20.64
1997-08-29T10:24:00.000Z 67.35 39.11 20.66
1997-08-29T10:36:00.000Z 69.40 35.58 20.68
1997-08-29T10:48:00.000Z 71.26 31.94 20.70
1997-08-29T11:00:00.000Z 72.93 28.21 20.72
1997-08-29T11:12:00.000Z 74.40 24.39 20.74
1997-08-29T11:24:00.000Z 75.68 20.49 20.76
1997-08-29T11:36:00.000Z 76.75 16.53 20.78
1997-08-29T11:48:00.000Z 77.61 12.51 20.80
1997-08-29T12:00:00.000Z 78.26 8.44 20.83
1997-08-29T12:12:00.000Z 78.70 4.35 20.85
1997-08-29T12:24:00.000Z 78.92 0.23 20.87
1997-08-29T12:36:00.000Z 78.93 -3.91 20.89
1997-08-29T12:48:00.000Z 78.72 -8.04 20.91
1997-08-29T13:00:00.000Z 78.29 -12.17 20.93
1997-08-29T13:12:00.000Z 77.65 -16.26 20.95
1997-08-29T13:24:00.000Z 76.79 -20.33 20.97
1997-08-29T13:36:00.000Z 75.72 -24.35 20.99
1997-08-29T13:48:00.000Z 74.44 -28.31 21.01
1997-08-29T14:00:00.000Z 72.95 -32.21 21.03
1997-08-29T14:12:00.000Z 71.26 -36.02 21.05
1997-08-29T14:24:00.000Z 69.36 -39.76 21.07
1997-08-29T14:36:00.000Z 67.27 -43.39 21.09
1997-08-29T14:48:00.000Z 64.99 -46.90 21.11
1997-08-29T15:00:00.000Z 62.53 -50.30 21.13
1997-08-29T15:12:00.000Z 59.89 -53.57 21.15
1997-08-29T15:24:00.000Z 57.08 -56.70 21.17
1997-08-29T15:36:00.000Z 54.10 -59.69 21.19
1997-08-29T15:48:00.000Z 50.97 -62.52 21.21
1997-08-29T16:00:00.000Z 47.69 -65.18 21.23
1997-08-29T16:12:00.000Z 44.27 -67.67 21.25
1997-08-29T16:24:00.000Z 40.72 -69.98 21.27
1997-08-29T16:36:00.000Z 37.05 -72.10 21.29
1997-08-29T16:48:00.000Z 33.27 -74.03 21.31
1997-08-29T17:00:00.000Z 29.39 -75.77 21.33
1997-08-29T17:12:00.000Z 25.42 -77.30 21.35
1997-08-29T17:24:00.000Z 21.36 -78.62 21.37
1997-08-29T17:36:00.000Z 17.24 -79.73 21.39
1997-08-29T17:48:00.000Z 13.06 -80.62 21.41
1997-08-29T18:00:00.000Z 8.84 -81.29 21.43
1997-08-29T18:12:00.000Z 4.58 -81.74 21.45
1997-08-29T18:24:00.000Z 0.30 -81.97 21.47
1997-08-29T18:36:00.000Z -3.99 -81.97 21.48
1997-08-29T18:48:00.000Z -8.29 -81.75 21.50
1997-08-29T19:00:00.000Z -12.57 -81.30 21.52
1997-08-29T19:12:00.000Z -16.83 -80.63 21.54
1997-08-29T19:24:00.000Z -21.05 -79.74 21.56
1997-08-29T19:36:00.000Z -25.22 -78.62 21.58
1997-08-29T19:48:00.000Z -29.33 -77.29 21.60
1997-08-29T20:00:00.000Z -33.37 -75.74 21.62
1997-08-29T20:12:00.000Z -37.34 -73.98 21.64
1997-08-29T20:24:00.000Z -41.21 -72.01 21.66
1997-08-29T20:36:00.000Z -44.97 -69.84 21.68
1997-08-29T20:48:00.000Z -48.62 -67.47 21.70
1997-08-29T21:00:00.000Z -52.15 -64.91 21.72
1997-08-29T21:12:00.000Z -55.54 -62.17 21.74
1997-08-29T21:24:00.000Z -58.78 -59.25 21.75
1997-08-29T21:36:00.000Z -61.87 -56.16 21.77
1997-08-29T21:48:00.000Z -64.81 -52.90 21.79
1997-08-29T22:00:00.000Z -67.56 -49.50 21.81
1997-08-29T22:12:00.000Z -70.14 -45.95 21.83
1997-08-29T22:24:00.000Z -72.54 -42.26 21.85
1997-08-29T22:36:00.000Z -74.73 -38.46 21.87
1997-08-29T22:48:00.000Z -76.73 -34.53 21.89
1997-08-29T23:00:00.000Z -78.53 -30.51 21.91
1997-08-29T23:12:00.000Z -80.11 -26.39 21.93
1997-08-29T23:24:00.000Z -81.47 -22.18 21.94
1997-08-29T23:36:00.000Z -82.62 -17.91 21.96
1997-08-29T23:48:00.000Z -83.54 -13.58 21.98
1997-08-30T00:00:00.000Z -84.23 -9.20 22.00
1997-08-30T00:12:00.000Z -84.69 -4.79 22.02
1997-08-30T00:24:00.000Z -84.92 -0.35 22.04
1997-08-30T00:36:00.000Z -84.92 4.10 22.06
1997-08-30T00:48:00.000Z -84.69 8.55 22.08
1997-08-30T01:00:00.000Z -84.22 12.99 22.09
1997-08-30T01:12:00.000Z -83.52 17.39 22.11
1997-08-30T01:24:00.000Z -82.59 21.77 22.13
1997-08-30T01:36:00.000Z -81.43 26.09 22.15
1997-08-30T01:48:00.000Z -80.04 30.34 22.17
1997-08-30T02:00:00.000Z -78.43 34.53 22.19
1997-08-30T02:12:00.000Z -76.61 38.63 22.21
1997-08-30T02:24:00.000Z -74.56 42.64 22.22
1997-08-30T02:36:00.000Z -72.31 46.53 22.24
1997-08-30T02:48:00.000Z -69.85 50.31 22.26
1997-08-30T03:00:00.000Z -67.20 53.95 22.28
1997-08-30T03:12:00.000Z -64.35 57.46 22.30
1997-08-30T03:24:00.000Z -61.33 60.82 22.32
1997-08-30T03:36:00.000Z -58.13 64.01 22.33
1997-08-30T03:48:00.000Z -54.75 67.04 22.35
1997-08-30T04:00:00.000Z -51.23 69.89 22.37
1997-08-30T04:12:00.000Z -47.55 72.56 22.39
1997-08-30T04:24:00.000Z -43.74 75.03 22.41
1997-08-30T04:36:00.000Z -39.79 77.30 22.42
1997-08-30T04:48:00.000Z -35.73 79.36 22.44
1997-08-30T05:00:00.000Z -31.57 81.21 22.46
1997-08-30T05:12:00.000Z -27.30 82.84 22.48
1997-08-30T05:24:00.000Z -22.95 84.25 22.50
1997-08-30T05:36:00.000Z -18.53 85.43 22.52
1997-08-30T05:48:00.000Z -14.05 86.37 22.53
1997-08-30T06:00:00.000Z -9.52 87.08 22.55
1997-08-30T06:12:00.000Z -4.96 87.56 22.57
1997-08-30T06:24:00.000Z -0.37 87.79 22.59
1997-08-30T06:36:00.000Z 4.23 87.78 22.60
1997-08-30T06:48:00.000Z 8.83 87.53 22.62
1997-08-30T07:00:00.000Z 13.42 87.05 22.64
1997-08-30T07:12:00.000Z 17.97 86.32 22.66
1997-08-30T07:24:00.000Z 22.49 85.35 22.68
1997-08-30T07:36:00.000Z 26.95 84.14 22.69
1997-08-30T07:48:00.000Z 31.35 82.70 22.71
1997-08-30T08:00:00.000Z 35.67 81.04 22.73
1997-08-30T08:12:00.000Z 39.91 79.14 22.75
1997-08-30T08:24:00.000Z 44.05 77.02 22.76
1997-08-30T08:36:00.000Z 48.07 74.69 22.78
1997-08-30T08:48:00.000Z 51.96 72.15 22.80
1997-08-30T09:00:00.000Z 55.73 69.40 22.82
1997-08-30T09:12:00.000Z 59.34 66.46 22.84
1997-08-30T09:24:00.000Z 62.81 63.33 22.85
1997-08-30T09:36:00.000Z 66.10 60.02 22.87
1997-08-30T09:48:00.000Z 69.23 56.53 22.89
1997-08-30T10:00:00.000Z 72.17 52.89 22.91
1997-08-30T10:12:00.000Z 74.91 49.09 22.92
1997-08-30T10:24:00.000Z 77.46 45.15 22.94
1997-08-30T10:36:00.000Z 79.80 41.07 22.96
1997-08-30T10:48:00.000Z 81.92 36.88 22.98
1997-08-30T11:00:00.000Z 83.83 32.57 22.99
1997-08-30T11:12:00.000Z 85.50 28.17 23.01
1997-08-30T11:24:00.000Z 86.95 23.67 23.03
1997-08-30T11:36:00.000Z 88.16 19.11 23.04
1997-08-30T11:48:00.000Z 89.13 14.49 23.06
1997-08-30T12:00:00.000Z 89.86 9.81 23.08
1997-08-30T12:12:00.000Z 90.34 5.10 23.10
1997-08-30T12:24:00.000Z 90.57 0.36 23.11
1997-08-30T12:36:00.000Z 90.56 -4.38 23.13
1997-08-30T12:48:00.000Z 90.30 -9.13 23.15
1997-08-30T13:00:00.000Z 89.78 -13.86 23.17
1997-08-30T13:12:00.000Z 89.02 -18.56 23.18
1997-08-30T13:24:00.000Z 88.02 -23.21 23.20
1997-08-30T13:36:00.000Z 86.77 -27.82 23.22
1997-08-30T13:48:00.000Z 85.28 -32.35 23.23
1997-08-30T14:00:00.000Z 83.55 -36.81 23.25
1997-08-30T14:12:00.000Z 81.59 -41.17 23.27
1997-08-30T14:24:00.000Z 79.40 -45.43 23.28
1997-08-30T14:36:00.000Z 76.99 -49.58 23.30
1997-08-30T14:48:00.000Z 74.36 -53.59 23.32
1997-08-30T15:00:00.000Z 71.53 -57.47 23.34
1997-08-30T15:12:00.000Z 68.49 -61.19 23.35
1997-08-30T15:24:00.000Z 65.26 -64.76 23.37
1997-08-30T15:36:00.000Z 61.84 -68.15 23.39
1997-08-30T15:48:00.000Z 58.24 -71.37 23.40
1997-08-30T16:00:00.000Z 54.48 -74.39 23.42
1997-08-30T16:12:00.000Z 50.56 -77.22 23.44
1997-08-30T16:24:00.000Z 46.49 -79.83 23.45
1997-08-30T16:36:00.000Z 42.29 -82.24 23.47
1997-08-30T16:48:00.000Z 37.96 -84.42 23.49
1997-08-30T17:00:00.000Z 33.53 -86.37 23.50
1997-08-30T17:12:00.000Z 28.99 -88.10 23.52
1997-08-30T17:24:00.000Z 24.35 -89.58 23.54
1997-08-30T17:36:00.000Z 19.65 -90.82 23.55
1997-08-30T17:48:00.000Z 14.88 -91.81 23.57
1997-08-30T18:00:00.000Z 10.07 -92.55 23.59
1997-08-30T18:12:00.000Z 5.21 -93.04 23.60
1997-08-30T18:24:00.000Z 0.33 -93.28 23.62
1997-08-30T18:36:00.000Z -4.55 -93.25 23.64
1997-08-30T18:48:00.000Z -9.44 -92.98 23.65
1997-08-30T19:00:00.000Z -14.31 -92.44 23.67
1997-08-30T19:12:00.000Z -19.15 -91.65 23.69
1997-08-30T19:24:00.000Z -23.94 -90.61 23.70
1997-08-30T19:36:00.000Z -28.68 -89.32 23.72
1997-08-30T19:48:00.000Z -33.35 -87.78 23.73
1997-08-30T20:00:00.000Z -37.93 -85.99 23.75
1997-08-30T20:12:00.000Z -42.42 -83.96 23.77
1997-08-30T20:24:00.000Z -46.81 -81.70 23.78
1997-08-30T20:36:00.000Z -51.07 -79.21 23.80
1997-08-30T20:48:00.000Z -55.20 -76.50 23.82
1997-08-30T21:00:00.000Z -59.18 -73.58 23.83
1997-08-30T21:12:00.000Z -63.01 -70.44 23.85
1997-08-30T21:24:00.000Z -66.67 -67.11 23.86
1997-08-30T21:36:00.000Z -70.16 -63.59 23.88
1997-08-30T21:48:00.000Z -73.46 -59.88 23.90
1997-08-30T22:00:00.000Z -76.57 -56.00 23.91
1997-08-30T22:12:00.000Z -79.47 -51.96 23.93
1997-08-30T22:24:00.000Z -82.15 -47.78 23.95
1997-08-30T22:36:00.000Z -84.62 -43.45 23.96
1997-08-30T22:48:00.000Z -86.86 -39.00 23.98
1997-08-30T23:00:00.000Z -88.86 -34.43 23.99
1997-08-30T23:12:00.000Z -90.62 -29.76 24.01
1997-08-30T23:24:00.000Z -92.14 -24.99 24.03
1997-08-30T23:36:00.000Z -93.41 -20.15 24.04
1997-08-30T23:48:00.000Z -94.42 -15.24 24.06
1997-08-31T00:00:00.000Z -95.18 -10.29 24.07
1997-08-31T00:12:00.000Z -95.67 -5.30 24.09
1997-08-31T00:24:00.000Z -95.90 -0.28 24.11
1997-08-31T00:36:00.000Z -95.87 4.75 24.12
1997-08-31T00:48:00.000Z -95.58 9.77 24.14
1997-08-31T01:00:00.000Z -95.02 14.78 24.15
1997-08-31T01:12:00.000Z -94.20 19.75 24.17
1997-08-31T01:24:00.000Z -93.12 24.68 24.18
1997-08-31T01:36:00.000Z -91.78 29.54 24.20
1997-08-31T01:48:00.000Z -90.19 34.34 24.22
1997-08-31T02:00:00.000Z -88.35 39.05 24.23
1997-08-31T02:12:00.000Z -86.26 43.66 24.25
1997-08-31T02:24:00.000Z -83.93 48.16 24.26
1997-08-31T02:36:00.000Z -81.36 52.54 24.28
1997-08-31T02:48:00.000Z -78.57 56.78 24.29
1997-08-31T03:00:00.000Z -75.55 60.87 24.31
1997-08-31T03:12:00.000Z -72.33 64.79 24.33
1997-08-31T03:24:00.000Z -68.90 68.55 24.34
1997-08-31T03:36:00.000Z -65.27 72.13 24.36
1997-08-31T03:48:00.000Z -61.45 75.52 24.37
1997-08-31T04:00:00.000Z -57.47 78.70 24.39
1997-08-31T04:12:00.000Z -53.31 81.67 24.40
1997-08-31T04:24:00.000Z -49.01 84.42 24.42
1997-08-31T04:36:00.000Z -44.56 86.95 24.43
1997-08-31T04:48:00.000Z -39.98 89.24 24.45
1997-08-31T05:00:00.000Z -35.28 91.29 24.47
1997-08-31T05:12:00.000Z -30.48 93.09 24.48
1997-08-31T05:24:00.000Z -25.58 94.64 24.50
1997-08-31T05:36:00.000Z -20.61 95.94 24.51
1997-08-31T05:48:00.000Z -15.57 96.97 24.53
1997-08-31T06:00:00.000Z -10.48 97.73 24.54
1997-08-31T06:12:00.000Z -5.35 98.23 24.56
1997-08-31T06:24:00.000Z -0.20 98.46 24.57
1997-08-31T06:36:00.000Z 4.96 98.42 24.59
1997-08-31T06:48:00.000Z 10.12 98.11 24.60
1997-08-31T07:00:00.000Z 15.26 97.53 24.62
1997-08-31T07:12:00.000Z 20.36 96.68 24.63
1997-08-31T07:24:00.000Z 25.41 95.56 24.65
1997-08-31T07:36:00.000Z 30.41 94.18 24.66
1997-08-31T07:48:00.000Z 35.33 92.53 24.68
1997-08-31T08:00:00.000Z 40.16 90.63 24.69
1997-08-31T08:12:00.000Z 44.89 88.48 24.71
1997-08-31T08:24:00.000Z 49.51 86.08 24.72
1997-08-31T08:36:00.000Z 53.99 83.44 24.74
1997-08-31T08:48:00.000Z 58.33 80.56 24.75
1997-08-31T09:00:00.000Z 62.53 77.46 24.77
1997-08-31T09:12:00.000Z 66.55 74.15 24.78
1997-08-31T09:24:00.000Z 70.40 70.62 24.80
1997-08-31T09:36:00.000Z 74.06 66.89 24.81
1997-08-31T09:48:00.000Z 77.53 62.97 24.83
1997-08-31T10:00:00.000Z 80.79 58.87 24.84
1997-08-31T10:12:00.000Z 83.83 54.60 24.86
1997-08-31T10:24:00.000Z 86.65 50.18 24.87
1997-08-31T10:36:00.000Z 89.23 45.61 24.89
1997-08-31T10:48:00.000Z 91.57 40.91 24.90
1997-08-31T11:00:00.000Z 93.66 36.09 24.92
1997-08-31T11:12:00.000Z 95.50 31.16 24.93
1997-08-31T11:24:00.000Z 97.09 26.13 24.95
1997-08-31T11:36:00.000Z 98.40 21.03 24.96
1997-08-31T11:48:00.000Z 99.45 15.86 24.98
1997-08-31T12:00:00.000Z 100.22 10.64 24.99
1997-08-31T12:12:00.000Z 100.73 5.38 25.01
1997-08-31T12:24:00.000Z 100.95 0.10 25.02
1997-08-31T12:36:00.000Z 100.90 -5.19 25.04
1997-08-31T12:48:00.000Z 100.57 -10.48 25.05
1997-08-31T13:00:00.000Z 99.96 -15.75 25.07
1997-08-31T13:12:00.000Z 99.08 -20.98 25.08
1997-08-31T13:24:00.000Z 97.93 -26.16 25.10
1997-08-31T13:36:00.000Z 96.50 -31.28 25.11
1997-08-31T13:48:00.000Z 94.81 -36.32 25.12
1997-08-31T14:00:00.000Z 92.85 -41.26 25.14
1997-08-31T14:12:00.000Z 90.63 -46.11 25.15
1997-08-31T14:24:00.000Z 88.16 -50.84 25.17
1997-08-31T14:36:00.000Z 85.45 -55.43 25.18
1997-08-31T14:48:00.000Z 82.49 -59.87 25.20
1997-08-31T15:00:00.000Z 79.31 -64.16 25.21
1997-08-31T15:12:00.000Z 75.90 -68.28 25.23
1997-08-31T15:24:00.000Z 72.27 -72.22 25.24
1997-08-31T15:36:00.000Z 68.45 -75.96 25.26
1997-08-31T15:48:00.000Z 64.42 -79.51 25.27
1997-08-31T16:00:00.000Z 60.22 -82.84 25.28
1997-08-31T16:12:00.000Z 55.84 -85.95 25.30
1997-08-31T16:24:00.000Z 51.30 -88.82 25.31
1997-08-31T16:36:00.000Z 46.62 -91.46 25.33
1997-08-31T16:48:00.000Z 41.80 -93.85 25.34
1997-08-31T17:00:00.000Z 36.85 -95.99 25.36
1997-08-31T17:12:00.000Z 31.80 -97.86 25.37
1997-08-31T17:24:00.000Z 26.65 -99.47 25.38
1997-08-31T17:36:00.000Z 21.42 -100.81 25.40
1997-08-31T17:48:00.000Z 16.12 -101.87 25.41
1997-08-31T18:00:00.000Z 10.77 -102.65 25.43
1997-08-31T18:12:00.000Z 5.38 -103.16 25.44
1997-08-31T18:24:00.000Z -0.02 -103.38 25.46
1997-08-31T18:36:00.000Z -5.44 -103.31 25.47
1997-08-31T18:48:00.000Z -10.86 -102.96 25.48
1997-08-31T19:00:00.000Z -16.25 -102.33 25.50
1997-08-31T19:12:00.000Z -21.60 -101.42 25.51
1997-08-31T19:24:00.000Z -26.91 -100.23 25.53
1997-08-31T19:36:00.000Z -32.14 -98.75 25.54
1997-08-31T19:48:00.000Z -37.30 -97.01 25.55
1997-08-31T20:00:00.000Z -42.36 -95.00 25.57
1997-08-31T20:12:00.000Z -47.31 -92.72 25.58
1997-08-31T20:24:00.000Z -52.15 -90.18 25.60
1997-08-31T20:36:00.000Z -56.85 -87.39 25.61
1997-08-31T20:48:00.000Z -61.39 -84.35 25.62
1997-08-31T21:00:00.000Z -65.77 -81.09 25.64
1997-08-31T21:12:00.000Z -69.98 -77.59 25.65
1997-08-31T21:24:00.000Z -74.01 -73.87 25.67
1997-08-31T21:36:00.000Z -77.83 -69.95 25.68
1997-08-31T21:48:00.000Z -81.45 -65.82 25.69
1997-08-31T22:00:00.000Z -84.85 -61.51 25.71
1997-08-31T22:12:00.000Z -88.02 -57.02 25.72
1997-08-31T22:24:00.000Z -90.96 -52.37 25.73
1997-08-31T22:36:00.000Z -93.65 -47.57 25.75
1997-08-31T22:48:00.000Z -96.08 -42.64 25.76
1997-08-31T23:00:00.000Z -98.26 -37.57 25.78
1997-08-31T23:12:00.000Z -100.16 -32.40 25.79
1997-08-31T23:24:00.000Z -101.80 -27.12 25.80
1997-08-31T23:36:00.000Z -103.16 -21.77 25.82
1997-08-31T23:48:00.000Z -104.23 -16.35 25.83
1997-09-01T00:00:00.000Z -105.02 -10.87 25.84
1997-09-01T00:12:00.000Z -105.53 -5.36 25.86
1997-09-01T00:24:00.000Z -105.74 0.17 25.87
1997-09-01T00:36:00.000Z -105.66 5.71 25.89
1997-09-01T00:48:00.000Z -105.30 11.26 25.90
1997-09-01T01:00:00.000Z -104.64 16.77 25.91
1997-09-01T01:12:00.000Z -103.69 22.24 25.93
1997-09-01T01:24:00.000Z -102.46 27.66 25.94
1997-09-01T01:36:00.000Z -100.94 33.01 25.95
1997-09-01T01:48:00.000Z -99.15 38.28 25.97
1997-09-01T02:00:00.000Z -97.08 43.46 25.98
1997-09-01T02:12:00.000Z -94.74 48.52 25.99
1997-09-01T02:24:00.000Z -92.13 53.46 26.01
1997-09-01T02:36:00.000Z -89.27 58.25 26.02
1997-09-01T02:48:00.000Z -86.16 62.89 26.03
1997-09-01T03:00:00.000Z -82.80 67.37 26.05
1997-09-01T03:12:00.000Z -79.22 71.66 26.06
1997-09-01T03:24:00.000Z -75.41 75.77 26.07
1997-09-01T03:36:00.000Z -71.39 79.67 26.09
1997-09-01T03:48:00.000Z -67.16 83.36 26.10
1997-09-01T04:00:00.000Z -62.75 86.83 26.11
1997-09-01T04:12:00.000Z -58.16 90.06 26.13
1997-09-01T04:24:00.000Z -53.40 93.05 26.14
1997-09-01T04:36:00.000Z -48.48 95.79 26.15
1997-09-01T04:48:00.000Z -43.43 98.27 26.17
1997-09-01T05:00:00.000Z -38.25 100.48 26.18
1997-09-01T05:12:00.000Z -32.96 102.42 26.19
1997-09-01T05:24:00.000Z -27.56 104.08 26.21
1997-09-01T05:36:00.000Z -22.09 105.45 26.22
1997-09-01T05:48:00.000Z -16.55 106.54 26.23
1997-09-01T06:00:00.000Z -10.95 107.34 26.25
1997-09-01T06:12:00.000Z -5.32 107.84 26.26
1997-09-01T06:24:00.000Z 0.34 108.04 26.27
1997-09-01T06:36:00.000Z 6.00 107.95 26.29
1997-09-01T06:48:00.000Z 11.66 107.57 26.30
1997-09-01T07:00:00.000Z 17.29 106.88 26.31
1997-09-01T07:12:00.000Z 22.88 105.90 26.33
1997-09-01T07:24:00.000Z 28.42 104.63 26.34
1997-09-01T07:36:00.000Z 33.89 103.07 26.35
1997-09-01T07:48:00.000Z 39.27 101.22 26.36
1997-09-01T08:00:00.000Z 44.54 99.10 26.38
1997-09-01T08:12:00.000Z 49.71 96.70 26.39
1997-09-01T08:24:00.000Z 54.75 94.02 26.40
1997-09-01T08:36:00.000Z 59.64 91.09 26.42
1997-09-01T08:48:00.000Z 64.37 87.90 26.43
1997-09-01T09:00:00.000Z 68.94 84.46 26.44
1997-09-01T09:12:00.000Z 73.32 80.79 26.46
1997-09-01T09:24:00.000Z 77.50 76.89 26.47
1997-09-01T09:36:00.000Z 81.48 72.78 26.48
1997-09-01T09:48:00.000Z 85.24 68.45 26.49
1997-09-01T10:00:00.000Z 88.77 63.94 26.51
1997-09-01T10:12:00.000Z 92.06 59.24 26.52
1997-09-01T10:24:00.000Z 95.10 54.37 26.53
1997-09-01T10:36:00.000Z 97.89 49.35 26.55
1997-09-01T10:48:00.000Z 100.41 44.18 26.56
1997-09-01T11:00:00.000Z 102.65 38.89 26.57
1997-09-01T11:12:00.000Z 104.62 33.48 26.58
1997-09-01T11:24:00.000Z 106.30 27.97 26.60
1997-09-01T11:36:00.000Z 107.70 22.38 26.61
1997-09-01T11:48:00.000Z 108.79 16.71 26.62
1997-09-01T12:00:00.000Z 109.59 11.00 26.63
1997-09-01T12:12:00.000Z 110.09 5.25 26.65
1997-09-01T12:24:00.000Z 110.29 -0.53 26.66
1997-09-01T12:36:00.000Z 110.19 -6.31 26.67
1997-09-01T12:48:00.000Z 109.78 -12.09 26.69
1997-09-01T13:00:00.000Z 109.07 -17.83 26.70
1997-09-01T13:12:00.000Z 108.05 -23.54 26.71
1997-09-01T13:24:00.000Z 106.74 -29.18 26.72
1997-09-01T13:36:00.000Z 105.14 -34.76 26.74
1997-09-01T13:48:00.000Z 103.24 -40.25 26.75
1997-09-01T14:00:00.000Z 101.06 -45.63 26.76
1997-09-01T14:12:00.000Z 98.59 -50.89 26.77
1997-09-01T14:24:00.000Z 95.85 -56.03 26.79
1997-09-01T14:36:00.000Z 92.85 -61.02 26.80
1997-09-01T14:48:00.000Z 89.58 -65.84 26.81
1997-09-01T15:00:00.000Z 86.07 -70.49 26.82
1997-09-01T15:12:00.000Z 82.31 -74.95 26.84
1997-09-01T15:24:00.000Z 78.32 -79.21 26.85
1997-09-01T15:36:00.000Z 74.11 -83.26 26.86
1997-09-01T15:48:00.000Z 69.69 -87.09 26.87
1997-09-01T16:00:00.000Z 65.08 -90.68 26.89
1997-09-01T16:12:00.000Z 60.28 -94.03 26.90
1997-09-01T16:24:00.000Z 55.30 -97.12 26.91
1997-09-01T16:36:00.000Z 50.17 -99.95 26.92
1997-09-01T16:48:00.000Z 44.90 -102.50 26.93
1997-09-01T17:00:00.000Z 39.49 -104.78 26.95
1997-09-01T17:12:00.000Z 33.97 -106.78 26.96
1997-09-01T17:24:00.000Z 28.34 -108.48 26.97
1997-09-01T17:36:00.000Z 22.63 -109.89 26.98
1997-09-01T17:48:00.000Z 16.86 -111.00 27.00
1997-09-01T18:00:00.000Z 11.02 -111.80 27.01
1997-09-01T18:12:00.000Z 5.16 -112.29 27.02
1997-09-01T18:24:00.000Z -0.73 -112.48 27.03
1997-09-01T18:36:00.000Z -6.63 -112.36 27.04
1997-09-01T18:48:00.000Z -12.52 -111.93 27.06
1997-09-01T19:00:00.000Z -18.38 -111.19 27.07
1997-09-01T19:12:00.000Z -24.20 -110.15 27.08
1997-09-01T19:24:00.000Z -29.95 -108.80 27.09
1997-09-01T19:36:00.000Z -35.63 -107.15 27.11
1997-09-01T19:48:00.000Z -41.22 -105.20 27.12
1997-09-01T20:00:00.000Z -46.71 -102.96 27.13
1997-09-01T20:12:00.000Z -52.07 -100.44 27.14
1997-09-01T20:24:00.000Z -57.30 -97.63 27.15
1997-09-01T20:36:00.000Z -62.38 -94.55 27.17
1997-09-01T20:48:00.000Z -67.29 -91.21 27.18
1997-09-01T21:00:00.000Z -72.02 -87.62 27.19
1997-09-01T21:12:00.000Z -76.56 -83.78 27.20
1997-09-01T21:24:00.000Z -80.90 -79.70 27.21
1997-09-01T21:36:00.000Z -85.01 -75.40 27.23
1997-09-01T21:48:00.000Z -88.91 -70.88 27.24
1997-09-01T22:00:00.000Z -92.56 -66.17 27.25
1997-09-01T22:12:00.000Z -95.96 -61.27 27.26
1997-09-01T22:24:00.000Z -99.10 -56.19 27.27
1997-09-01T22:36:00.000Z -101.97 -50.95 27.29
1997-09-01T22:48:00.000Z -104.56 -45.57 27.30
1997-09-01T23:00:00.000Z -106.87 -40.05 27.31
1997-09-01T23:12:00.000Z -108.89 -34.42 27.32
1997-09-01T23:24:00.000Z -110.62 -28.68 27.33
1997-09-01T23:36:00.000Z -112.04 -22.86 27.34
1997-09-01T23:48:00.000Z -113.15 -16.97 27.36
1997-09-02T00:00:00.000Z -113.95 -11.02 27.37
1997-09-02T00:12:00.000Z -114.44 -5.04 27.38
1997-09-02T00:24:00.000Z -114.62 0.96 27.39
1997-09-02T00:36:00.000Z -114.48 6.97 27.40
1997-09-02T00:48:00.000Z -114.03 12.97 27.42
1997-09-02T01:00:00.000Z -113.26 18.94 27.43
1997-09-02T01:12:00.000Z -112.19 24.86 27.44
1997-09-02T01:24:00.000Z -110.80 30.73 27.45
1997-09-02T01:36:00.000Z -109.10 36.51 27.46
1997-09-02T01:48:00.000Z -107.10 42.20 27.47
1997-09-02T02:00:00.000Z -104.81 47.78 27.49
1997-09-02T02:12:00.000Z -102.22 53.24 27.50
1997-09-02T02:24:00.000Z -99.35 58.57 27.51
1997-09-02T02:36:00.000Z -96.20 63.73 27.52
1997-09-02T02:48:00.000Z -92.79 68.73 27.53
1997-09-02T03:00:00.000Z -89.11 73.54 27.54
1997-09-02T03:12:00.000Z -85.19 78.15 27.56
1997-09-02T03:24:00.000Z -81.03 82.56 27.57
1997-09-02T03:36:00.000Z -76.64 86.74 27.58
1997-09-02T03:48:00.000Z -72.03 90.70 27.59
1997-09-02T04:00:00.000Z -67.21 94.40 27.60
1997-09-02T04:12:00.000Z -62.21 97.85 27.61
1997-09-02T04:24:00.000Z -57.04 101.04 27.62
1997-09-02T04:36:00.000Z -51.69 103.95 27.64
1997-09-02T04:48:00.000Z -46.20 106.58 27.65
1997-09-02T05:00:00.000Z -40.58 108.92 27.66
1997-09-02T05:12:00.000Z -34.84 110.96 27.67
1997-09-02T05:24:00.000Z -28.99 112.70 27.68
1997-09-02T05:36:00.000Z -23.06 114.14 27.69
1997-09-02T05:48:00.000Z -17.06 115.25 27.70
1997-09-02T06:00:00.000Z -11.00 116.06 27.72
1997-09-02T06:12:00.000Z -4.91 116.54 27.73
1997-09-02T06:24:00.000Z 1.21 116.71 27.74
1997-09-02T06:36:00.000Z 7.32 116.56 27.75
1997-09-02T06:48:00.000Z 13.44 116.08 27.76
1997-09-02T07:00:00.000Z 19.51 115.28 27.77
1997-09-02T07:12:00.000Z 25.54 114.17 27.78
1997-09-02T07:24:00.000Z 31.50 112.74 27.79
1997-09-02T07:36:00.000Z 37.39 111.00 27.81
1997-09-02T07:48:00.000Z 43.18 108.95 27.82
1997-09-02T08:00:00.000Z 48.86 106.60 27.83
1997-09-02T08:12:00.000Z 54.41 103.96 27.84
1997-09-02T08:24:00.000Z 59.82 101.02 27.85
1997-09-02T08:36:00.000Z 65.07 97.80 27.86
1997-09-02T08:48:00.000Z 70.15 94.31 27.87
1997-09-02T09:00:00.000Z 75.03 90.56 27.88
1997-09-02T09:12:00.000Z 79.72 86.56 27.90
1997-09-02T09:24:00.000Z 84.20 82.31 27.91
1997-09-02T09:36:00.000Z 88.44 77.83 27.92
1997-09-02T09:48:00.000Z 92.46 73.12 27.93
1997-09-02T10:00:00.000Z 96.22 68.22 27.94
1997-09-02T10:12:00.000Z 99.72 63.12 27.95
1997-09-02T10:24:00.000Z 102.95 57.84 27.96
1997-09-02T10:36:00.000Z 105.90 52.40 27.97
1997-09-02T10:48:00.000Z 108.56 46.80 27.98
1997-09-02T11:00:00.000Z 110.93 41.07 28.00
1997-09-02T11:12:00.000Z 112.99 35.23 28.01
1997-09-02T11:24:00.000Z 114.75 29.27 28.02
1997-09-02T11:36:00.000Z 116.19 23.23 28.03
1997-09-02T11:48:00.000Z 117.32 17.12 28.04
1997-09-02T12:00:00.000Z 118.12 10.95 28.05
1997-09-02T12:12:00.000Z 118.60 4.75 28.06
1997-09-02T12:24:00.000Z 118.75 -1.47 28.07
1997-09-02T12:36:00.000Z 118.58 -7.69 28.08
1997-09-02T12:48:00.000Z 118.08 -13.91 28.09
1997-09-02T13:00:00.000Z 117.25 -20.09 28.11
1997-09-02T13:12:00.000Z 116.10 -26.22 28.12
1997-09-02T13:24:00.000Z 114.64 -32.29 28.13
1997-09-02T13:36:00.000Z 112.85 -38.27 28.14
1997-09-02T13:48:00.000Z 110.75 -44.16 28.15
1997-09-02T14:00:00.000Z 108.35 -49.93 28.16
1997-09-02T14:12:00.000Z 105.64 -55.57 28.17
1997-09-02T14:24:00.000Z 102.64 -61.07 28.18
1997-09-02T14:36:00.000Z 99.35 -66.40 28.19
1997-09-02T14:48:00.000Z 95.79 -71.55 28.20
1997-09-02T15:00:00.000Z 91.96 -76.52 28.21
1997-09-02T15:12:00.000Z 87.87 -81.27 28.22
1997-09-02T15:24:00.000Z 83.54 -85.81 28.23
1997-09-02T15:36:00.000Z 78.97 -90.12 28.25
1997-09-02T15:48:00.000Z 74.18 -94.20 28.26
1997-09-02T16:00:00.000Z 69.18 -98.01 28.27
1997-09-02T16:12:00.000Z 63.98 -101.55 28.28
1997-09-02T16:24:00.000Z 58.61 -104.82 28.29
1997-09-02T16:36:00.000Z 53.06 -107.81 28.30
1997-09-02T16:48:00.000Z 47.37 -110.50 28.31
1997-09-02T17:00:00.000Z 41.53 -112.90 28.32
1997-09-02T17:12:00.000Z 35.58 -114.98 28.33
1997-09-02T17:24:00.000Z 29.52 -116.75 28.34
1997-09-02T17:36:00.000Z 23.37 -118.20 28.35
1997-09-02T17:48:00.000Z 17.15 -119.33 28.36
1997-09-02T18:00:00.000Z 10.88 -120.13 28.37
1997-09-02T18:12:00.000Z 4.58 -120.60 28.38
1997-09-02T18:24:00.000Z -1.75 -120.74 28.39
1997-09-02T18:36:00.000Z -8.08 -120.55 28.41
1997-09-02T18:48:00.000Z -14.40 -120.03 28.42
1997-09-02T19:00:00.000Z -20.68 -119.17 28.43
1997-09-02T19:12:00.000Z -26.91 -117.99 28.44
1997-09-02T19:24:00.000Z -33.07 -116.48 28.45
1997-09-02T19:36:00.000Z -39.15 -114.65 28.46
1997-09-02T19:48:00.000Z -45.13 -112.50 28.47
1997-09-02T20:00:00.000Z -50.99 -110.04 28.48
1997-09-02T20:12:00.000Z -56.72 -107.27 28.49
1997-09-02T20:24:00.000Z -62.30 -104.21 28.50
1997-09-02T20:36:00.000Z -67.71 -100.85 28.51
1997-09-02T20:48:00.000Z -72.94 -97.22 28.52
1997-09-02T21:00:00.000Z -77.98 -93.31 28.53
1997-09-02T21:12:00.000Z -82.81 -89.15 28.54
1997-09-02T21:24:00.000Z -87.41 -84.73 28.55
1997-09-02T21:36:00.000Z -91.78 -80.08 28.56
1997-09-02T21:48:00.000Z -95.91 -75.19 28.57
1997-09-02T22:00:00.000Z -99.77 -70.10 28.58
1997-09-02T22:12:00.000Z -103.36 -64.81 28.59
1997-09-02T22:24:00.000Z -106.67 -59.34 28.60
1997-09-02T22:36:00.000Z -109.69 -53.69 28.61
1997-09-02T22:48:00.000Z -112.41 -47.90 28.62
1997-09-02T23:00:00.000Z -114.83 -41.96 28.63
1997-09-02T23:12:00.000Z -116.93 -35.91 28.64
1997-09-02T23:24:00.000Z -118.72 -29.74 28.65
1997-09-02T23:36:00.000Z -120.18 -23.49 28.66
1997-09-02T23:48:00.000Z -121.31 -17.17 28.67
1997-09-03T00:00:00.000Z -122.10 -10.79 28.69
1997-09-03T00:12:00.000Z -122.56 -4.38 28.70
1997-09-03T00:24:00.000Z -122.69 2.05 28.71
1997-09-03T00:36:00.000Z -122.48 8.48 28.72
1997-09-03T00:48:00.000Z -121.93 14.90 28.73
1997-09-03T01:00:00.000Z -121.04 21.28 28.74
1997-09-03T01:12:00.000Z -119.82 27.61 28.75
1997-09-03T01:24:00.000Z -118.28 33.87 28.76
1997-09-03T01:36:00.000Z -116.40 40.04 28.77
1997-09-03T01:48:00.000Z -114.20 46.11 28.78
1997-09-03T02:00:00.000Z -111.68 52.06 28.79
1997-09-03T02:12:00.000Z -108.86 57.87 28.80
1997-09-03T02:24:00.000Z -105.73 63.53 28.81
1997-09-03T02:36:00.000Z -102.31 69.02 28.82
1997-09-03T02:48:00.000Z -98.60 74.33 28.83
1997-09-03T03:00:00.000Z -94.62 79.43 28.84
1997-09-03T03:12:00.000Z -90.37 84.32 28.85
1997-09-03T03:24:00.000Z -85.87 88.99 28.86
1997-09-03T03:36:00.000Z -81.14 93.41 28.87
1997-09-03T03:48:00.000Z -76.16 97.59 28.88
1997-09-03T04:00:00.000Z -70.98 101.50 28.89
1997-09-03T04:12:00.000Z -65.60 105.14 28.90
1997-09-03T04:24:00.000Z -60.03 108.48 28.91
1997-09-03T04:36:00.000Z -54.29 111.54 28.92
1997-09-03T04:48:00.000Z -48.39 114.29 28.93
1997-09-03T05:00:00.000Z -42.36 116.73 28.94
1997-09-03T05:12:00.000Z -36.20 118.85 28.95
1997-09-03T05:24:00.000Z -29.93 120.64 28.96
1997-09-03T05:36:00.000Z -23.58 122.11 28.97
1997-09-03T05:48:00.000Z -17.16 123.24 28.98
1997-09-03T06:00:00.000Z -10.68 124.03 28.99
1997-09-03T06:12:00.000Z -4.17 124.48 29.00
1997-09-03T06:24:00.000Z 2.36 124.59 29.01
1997-09-03T06:36:00.000Z 8.89 124.36 29.02
1997-09-03T06:48:00.000Z 15.41 123.79 29.03
1997-09-03T07:00:00.000Z 21.89 122.87 29.03
1997-09-03T07:12:00.000Z 28.31 121.62 29.04
1997-09-03T07:24:00.000Z 34.66 120.02 29.05
1997-09-03T07:36:00.000Z 40.93 118.10 29.06
1997-09-03T07:48:00.000Z 47.08 115.85 29.07
1997-09-03T08:00:00.000Z 53.12 113.28 29.08
1997-09-03T08:12:00.000Z 59.01 110.40 29.09
1997-09-03T08:24:00.000Z 64.75 107.20 29.10
1997-09-03T08:36:00.000Z 70.32 103.72 29.11
1997-09-03T08:48:00.000Z 75.69 99.94 29.12
1997-09-03T09:00:00.000Z 80.87 95.88 29.13
1997-09-03T09:12:00.000Z 85.82 91.56 29.14
1997-09-03T09:24:00.000Z 90.55 86.98 29.15
1997-09-03T09:36:00.000Z 95.03 82.15 29.16
1997-09-03T09:48:00.000Z 99.26 77.09 29.17
1997-09-03T10:00:00.000Z 103.21 71.82 29.18
1997-09-03T10:12:00.000Z 106.89 66.35 29.19
1997-09-03T10:24:00.000Z 110.27 60.68 29.20
1997-09-03T10:36:00.000Z 113.36 54.85 29.21
1997-09-03T10:48:00.000Z 116.13 48.86 29.22
1997-09-03T11:00:00.000Z 118.59 42.72 29.23
1997-09-03T11:12:00.000Z 120.72 36.47 29.24
1997-09-03T11:24:00.000Z 122.53 30.10 29.25
1997-09-03T11:36:00.000Z 124.00 23.65 29.26
1997-09-03T11:48:00.000Z 125.13 17.12 29.27
1997-09-03T12:00:00.000Z 125.92 10.55 29.28
1997-09-03T12:12:00.000Z 126.36 3.94 29.29
1997-09-03T12:24:00.000Z 126.45 -2.69 29.30
1997-09-03T12:36:00.000Z 126.20 -9.32 29.30
1997-09-03T12:48:00.000Z 125.60 -15.94 29.31
1997-09-03T13:00:00.000Z 124.65 -22.51 29.32
1997-09-03T13:12:00.000Z 123.36 -29.02 29.33
1997-09-03T13:24:00.000Z 121.73 -35.46 29.34
1997-09-03T13:36:00.000Z 119.76 -41.82 29.35
1997-09-03T13:48:00.000Z 117.46 -48.06 29.36
1997-09-03T14:00:00.000Z 114.84 -54.17 29.37
1997-09-03T14:12:00.000Z 111.89 -60.15 29.38
1997-09-03T14:24:00.000Z 108.64 -65.97 29.39
1997-09-03T14:36:00.000Z 105.08 -71.60 29.40
1997-09-03T14:48:00.000Z 101.23 -77.05 29.41
1997-09-03T15:00:00.000Z 97.10 -82.29 29.42
1997-09-03T15:12:00.000Z 92.70 -87.31 29.43
1997-09-03T15:24:00.000Z 88.04 -92.09 29.44
1997-09-03T15:36:00.000Z 83.13 -96.62 29.45
1997-09-03T15:48:00.000Z 77.99 -100.90 29.45
1997-09-03T16:00:00.000Z 72.62 -104.90 29.46
1997-09-03T16:12:00.000Z 67.06 -108.61 29.47
1997-09-03T16:24:00.000Z 61.30 -112.03 29.48
1997-09-03T16:36:00.000Z 55.38 -115.14 29.49
1997-09-03T16:48:00.000Z 49.29 -117.94 29.50
1997-09-03T17:00:00.000Z 43.06 -120.42 29.51
1997-09-03T17:12:00.000Z 36.71 -122.57 29.52
1997-09-03T17:24:00.000Z 30.24 -124.39 29.53
1997-09-03T17:36:00.000Z 23.69 -125.86 29.54
1997-09-03T17:48:00.000Z 17.07 -126.99 29.55
1997-09-03T18:00:00.000Z 10.40 -127.77 29.56
1997-09-03T18:12:00.000Z 3.69 -128.20 29.57
1997-09-03T18:24:00.000Z -3.04 -128.27 29.57
1997-09-03T18:36:00.000Z -9.76 -128.00 29.58
1997-09-03T18:48:00.000Z -16.47 -127.37 29.59
1997-09-03T19:00:00.000Z -23.13 -126.39 29.60
1997-09-03T19:12:00.000Z -29.74 -125.06 29.61
1997-09-03T19:24:00.000Z -36.27 -123.39 29.62
1997-09-03T19:36:00.000Z -42.71 -121.38 29.63
1997-09-03T19:48:00.000Z -49.03 -119.03 29.64
1997-09-03T20:00:00.000Z -55.23 -116.35 29.65
1997-09-03T20:12:00.000Z -61.28 -113.35 29.66
1997-09-03T20:24:00.000Z -67.17 -110.03 29.67
1997-09-03T20:36:00.000Z -72.88 -106.40 29.67
1997-09-03T20:48:00.000Z -78.39 -102.48 29.68
1997-09-03T21:00:00.000Z -83.70 -98.28 29.69
1997-09-03T21:12:00.000Z -88.77 -93.80 29.70
1997-09-03T21:24:00.000Z -93.61 -89.06 29.71
1997-09-03T21:36:00.000Z -98.19 -84.07 29.72
1997-09-03T21:48:00.000Z -102.52 -78.84 29.73
1997-09-03T22:00:00.000Z -106.56 -73.39 29.74
1997-09-03T22:12:00.000Z -110.31 -67.74 29.75
1997-09-03T22:24:00.000Z -113.76 -61.89 29.76
1997-09-03T22:36:00.000Z -116.90 -55.87 29.76
1997-09-03T22:48:00.000Z -119.72 -49.69 29.77
1997-09-03T23:00:00.000Z -122.22 -43.37 29.78
1997-09-03T23:12:00.000Z -124.38 -36.92 29.79
1997-09-03T23:24:00.000Z -126.20 -30.36 29.80
1997-09-03T23:36:00.000Z -127.68 -23.71 29.81
1997-09-03T23:48:00.000Z -128.80 -16.99 29.82
1997-09-04T00:00:00.000Z -129.58 -10.22 29.83
1997-09-04T00:12:00.000Z -129.99 -3.42 29.84
1997-09-04T00:24:00.000Z -130.05 3.40 29.84
1997-09-04T00:36:00.000Z -129.76 10.21 29.85
1997-09-04T00:48:00.000Z -129.10 17.02 29.86
1997-09-04T01:00:00.000Z -128.09 23.77 29.87
1997-09-04T01:12:00.000Z -126.72 30.46 29.88
1997-09-04T01:24:00.000Z -125.01 37.08 29.89
1997-09-04T01:36:00.000Z -122.95 43.60 29.90
1997-09-04T01:48:00.000Z -120.55 50.01 29.91
1997-09-04T02:00:00.000Z -117.82 56.28 29.92
1997-09-04T02:12:00.000Z -114.76 62.41 29.92
1997-09-04T02:24:00.000Z -111.37 68.37 29.93
1997-09-04T02:36:00.000Z -107.68 74.15 29.94
1997-09-04T02:48:00.000Z -103.70 79.73 29.95
1997-09-04T03:00:00.000Z -99.42 85.09 29.96
1997-09-04T03:12:00.000Z -94.87 90.23 29.97
1997-09-04T03:24:00.000Z -90.05 95.12 29.98
1997-09-04T03:36:00.000Z -84.98 99.75 29.99
1997-09-04T03:48:00.000Z -79.66 104.12 29.99
1997-09-04T04:00:00.000Z -74.13 108.20 30.00
1997-09-04T04:12:00.000Z -68.38 111.98 30.01
1997-09-04T04:24:00.000Z -62.45 115.46 30.02
1997-09-04T04:36:00.000Z -56.34 118.63 30.03
1997-09-04T04:48:00.000Z -50.06 121.47 30.04
1997-09-04T05:00:00.000Z -43.65 123.99 30.05
1997-09-04T05:12:00.000Z -37.11 126.16 30.05
1997-09-04T05:24:00.000Z -30.45 127.99 30.06
1997-09-04T05:36:00.000Z -23.71 129.47 30.07
1997-09-04T05:48:00.000Z -16.90 130.59 30.08
1997-09-04T06:00:00.000Z -10.03 131.35 30.09
1997-09-04T06:12:00.000Z -3.14 131.75 30.10
1997-09-04T06:24:00.000Z 3.77 131.80 30.11
1997-09-04T06:36:00.000Z 10.68 131.47 30.11
1997-09-04T06:48:00.000Z 17.57 130.79 30.12
1997-09-04T07:00:00.000Z 24.42 129.74 30.13
1997-09-04T07:12:00.000Z 31.20 128.34 30.14
1997-09-04T07:24:00.000Z 37.90 126.59 30.15
1997-09-04T07:36:00.000Z 44.50 124.48 30.16
1997-09-04T07:48:00.000Z 50.98 122.03 30.17
1997-09-04T08:00:00.000Z 57.33 119.24 30.17
1997-09-04T08:12:00.000Z 63.53 116.12 30.18
1997-09-04T08:24:00.000Z 69.57 112.68 30.19
1997-09-04T08:36:00.000Z 75.41 108.92 30.20
1997-09-04T08:48:00.000Z 81.05 104.87 30.21
1997-09-04T09:00:00.000Z 86.47 100.52 30.22
1997-09-04T09:12:00.000Z 91.66 95.89 30.22
1997-09-04T09:24:00.000Z 96.60 90.99 30.23
1997-09-04T09:36:00.000Z 101.28 85.84 30.24
1997-09-04T09:48:00.000Z 105.70 80.44 30.25
1997-09-04T10:00:00.000Z 109.81 74.82 30.26
1997-09-04T10:12:00.000Z 113.63 69.00 30.27
1997-09-04T10:24:00.000Z 117.14 62.97 30.27
1997-09-04T10:36:00.000Z 120.33 56.77 30.28
1997-09-04T10:48:00.000Z 123.20 50.41 30.29
1997-09-04T11:00:00.000Z 125.72 43.90 30.30
1997-09-04T11:12:00.000Z 127.91 37.26 30.31
1997-09-04T11:24:00.000Z 129.74 30.51 30.32
1997-09-04T11:36:00.000Z 131.22 23.68 30.32
1997-09-04T11:48:00.000Z 132.33 16.78 30.33
1997-09-04T12:00:00.000Z 133.09 9.82 30.34
1997-09-04T12:12:00.000Z 133.48 2.84 30.35
1997-09-04T12:24:00.000Z 133.50 -4.17 30.36
1997-09-04T12:36:00.000Z 133.15 -11.16 30.37
1997-09-04T12:48:00.000Z 132.44 -18.14 30.37
1997-09-04T13:00:00.000Z 131.36 -25.07 30.38
1997-09-04T13:12:00.000Z 129.92 -31.93 30.39
1997-09-04T13:24:00.000Z 128.12 -38.72 30.40
1997-09-04T13:36:00.000Z 125.97 -45.40 30.41
1997-09-04T13:48:00.000Z 123.47 -51.96 30.42
1997-09-04T14:00:00.000Z 120.63 -58.38 30.42
1997-09-04T14:12:00.000Z 117.45 -64.65 30.43
1997-09-04T14:24:00.000Z 113.95 -70.76 30.44
1997-09-04T14:36:00.000Z 110.13 -76.66 30.45
1997-09-04T14:48:00.000Z 106.00 -82.37 30.46
1997-09-04T15:00:00.000Z 101.58 -87.85 30.46
1997-09-04T15:12:00.000Z 96.88 -93.09 30.47
1997-09-04T15:24:00.000Z 91.90 -98.08 30.48
1997-09-04T15:36:00.000Z 86.67 -102.80 30.49
1997-09-04T15:48:00.000Z 81.19 -107.25 30.50
1997-09-04T16:00:00.000Z 75.49 -111.41 30.51
1997-09-04T16:12:00.000Z 69.58 -115.26 30.51
1997-09-04T16:24:00.000Z 63.46 -118.80 30.52
1997-09-04T16:36:00.000Z 57.17 -122.01 30.53
1997-09-04T16:48:00.000Z 50.72 -124.89 30.54
1997-09-04T17:00:00.000Z 44.12 -127.43 30.55
1997-09-04T17:12:00.000Z 37.40 -129.62 30.55
1997-09-04T17:24:00.000Z 30.56 -131.46 30.56
1997-09-04T17:36:00.000Z 23.63 -132.94 30.57
1997-09-04T17:48:00.000Z 16.64 -134.05 30.58
1997-09-04T18:00:00.000Z 9.60 -134.79 30.59
1997-09-04T18:12:00.000Z 2.52 -135.16 30.59
1997-09-04T18:24:00.000Z -4.57 -135.17 30.60
1997-09-04T18:36:00.000Z -11.65 -134.80 30.61
1997-09-04T18:48:00.000Z -18.72 -134.05 30.62
1997-09-04T19:00:00.000Z -25.73 -132.94 30.63
1997-09-04T19:12:00.000Z -32.68 -131.46 30.63
1997-09-04T19:24:00.000Z -39.54 -129.62 30.64
1997-09-04T19:36:00.000Z -46.30 -127.42 30.65
1997-09-04T19:48:00.000Z -52.93 -124.87 30.66
1997-09-04T20:00:00.000Z -59.43 -121.98 30.66
1997-09-04T20:12:00.000Z -65.77 -118.74 30.67
1997-09-04T20:24:00.000Z -71.94 -115.17 30.68
1997-09-04T20:36:00.000Z -77.91 -111.29 30.69
1997-09-04T20:48:00.000Z -83.67 -107.10 30.70
1997-09-04T21:00:00.000Z -89.20 -102.61 30.70
1997-09-04T21:12:00.000Z -94.50 -97.83 30.71
1997-09-04T21:24:00.000Z -99.54 -92.78 30.72
1997-09-04T21:36:00.000Z -104.30 -87.47 30.73
1997-09-04T21:48:00.000Z -108.79 -81.91 30.74
1997-09-04T22:00:00.000Z -112.98 -76.12 30.74
1997-09-04T22:12:00.000Z -116.87 -70.12 30.75
1997-09-04T22:24:00.000Z -120.43 -63.93 30.76
1997-09-04T22:36:00.000Z -123.66 -57.55 30.77
1997-09-04T22:48:00.000Z -126.56 -51.01 30.77
1997-09-04T23:00:00.000Z -129.11 -44.32 30.78
1997-09-04T23:12:00.000Z -131.31 -37.51 30.79
1997-09-04T23:24:00.000Z -133.15 -30.58 30.80
1997-09-04T23:36:00.000Z -134.62 -23.57 30.81
1997-09-04T23:48:00.000Z -135.73 -16.48 30.81
